4 100
18
1 60 5000 20 300 5
2 10 200 0
2 30 100 0
2 50 700 0
2 80 600 0
3 90 200 5300
2 100 300 0
2 120 800 0
2 140 200 1
2 170 400 2
2 240 900 3
3 300 300 7100
3 310 900 -1
3 340 100 8900
2 350 500 1
2 400 900 2
3 420 200 5300
3 450 900 5000
100
1 121 18809 109 6723 7
2 4689 8965111 0
2 9948 3190676 0
2 12348 890815357 0
2 18667 6559618 0
2 21969 7410995 0
2 23161 9669600 0
2 28989 8358041 0
2 30857 9176750 1
2 31404 6133295 2
2 31691 9211756 3
2 32813 1257077 4
3 33271 6559618 912968
3 40571 9669600 1087766
2 43702 3358940 3
2 46343 3507877 4
2 48198 5835274 5
2 48897 6342555 6
3 53377 6342555 -1
3 59599 8965111 3400478
3 78185 9211756 1161719
2 81955 4727832 4
2 82017 1506673 5
2 86235 6342555 6
3 86335 3358940 -1
2 88258 7123765 6
2 89849 9669600 7
3 92351 7410995 4355144
3 94075 890815357 5054336
2 98637 890815357 6
2 101769 3737550 7
2 103196 5585359 8
3 110311 5835274 1013813
2 112742 3358940 8
3 116273 8358041 5397209
3 121136 5585359 -1
3 125056 9176750 5672852
3 125578 3358940 590264
2 134684 8358041 5
2 135745 9211756 6
2 138091 9176750 7
2 138215 3391221 8
3 141908 6342555 1961756
3 155061 8358041 -1
3 158489 3190676 9175535
2 164773 8358041 6
2 169008 3190676 7
3 172403 3507877 4953491
2 173585 3507877 7
2 174631 991918505 8
2 177862 3024638 9
2 178277 4452159 10
3 179560 9669600 455804
2 181516 6559618 10
2 182242 7127941 11
2 184322 8965111 12
3 191731 4452159 -1
2 194250 5553147 12
2 197669 2130440 13
3 200556 991918505 -1
2 201327 6342555 13
2 203082 1572395 14
2 204363 991918505 15
2 209585 5771907 16
2 211942 4753520 17
3 217344 3737550 3642506
2 218917 4452159 17
2 221161 8591627 18
2 223391 5835274 19
2 225398 9500590 20
2 226434 5585359 21
2 228929 2816733 22
3 229505 7127941 -1
2 229693 8270622 22
2 230059 3358940 23
2 230213 491661 24
2 230302 8527314 25
3 232100 4727832 6614072
2 234403 3737550 25
2 234785 7127941 26
2 236702 9712254 27
2 249160 364095 28
2 250414 5747388 29
2 254432 4574853 30
3 255055 8527314 -1
2 256737 1373085 30
3 259012 3024638 1672667
2 262826 3187149 30
3 268424 8270622 -1
2 269758 6465509 30
2 273007 785196746 31
2 274876 1791195 32
2 285319 989800 33
2 292203 8527314 34
2 295974 3024638 35
2 297005 4727832 36
3 297220 6133295 15844751
3 297679 6559618 -1
2 299347 4402659 35
3 299599 9211756 7420832
200
1 93 6601 107 9379 9
2 996 975644 0
2 2138 1736293 0
2 2201 68810 0
2 2269 1461979 0
2 4012 4200424 0
2 4159 7392641 0
2 4848 3090678 0
2 5110 3915735 0
2 9195 4746356 0
3 12220 3915735 625615
2 16067 8207852 0
2 16393 6902773 1
3 16590 975644 1366556
3 17252 68810 1319661
2 20866 975644 0
2 21557 68810 1
2 21977 2755493 2
3 22846 975644 175423
3 23834 68810 -1
3 29612 8207852 1188355
2 30753 9775475 0
2 32320 944672 1
2 33691 975644 2
2 34183 2880408 3
3 34327 6902773 1554136
3 37084 7392641 2885954
2 37266 68810 2
2 37498 6902773 3
2 38271 872531 4
3 39872 872531 -1
2 41213 7392641 4
2 42852 4309495 5
2 43119 2661524 6
3 44655 9775475 1225871
2 45390 9032076 6
2 51122 8207852 7
2 51867 1035268 8
2 52741 7378221 9
2 53695 8207730 10
2 53783 196354403 11
2 54354 3164880 12
2 54772 8796489 13
2 59504 554702494 14
3 61063 8796489 -1
2 62952 9719122 14
2 63628 4609475 15
2 64286 9775475 16
3 65237 4309495 1807369
2 66090 9217602 16
3 69934 1736293 5943508
2 73785 2669306 16
2 76335 9503435 17
2 76489 8796489 18
2 80674 872531 19
2 85830 755472497 20
2 90450 2630182 21
3 91212 7392641 -1
3 91554 944672 5014987
3 98660 4746356 7847445
3 99172 7378221 -1
2 102019 7378221 18
2 102450 4418638 19
2 102795 5015759 20
3 106029 4200424 8944788
3 108098 3090678 9057336
2 108788 9636922 19
3 111095 6902773 -1
2 113058 8115416 19
2 113444 4746356 20
2 115297 1029551 21
3 116468 872531 -1
2 117831 944672 21
3 118536 4418638 -1
3 119756 4746356 -1
2 120750 5964864 20
2 122520 4418638 21
3 124222 9775475 -1
2 132374 7773211 21
2 133336 4309495 22
2 135262 3915735 23
2 138129 2718529 24
2 138686 1511478 25
2 139142 7451927 26
3 139341 975644 3570621
2 140430 877251728 26
2 142841 6637577 27
2 146251 190174 28
2 148217 7392641 29
2 149568 5625037 30
2 150197 4746356 31
3 151259 9032076 7134641
2 153689 8343249 31
2 154458 2181894 32
2 156948 5901479 33
2 157151 5521156 34
2 157383 4883117 35
3 162268 1035268 4930576
2 162291 9032076 35
2 162434 2962164 36
3 162486 3164880 991396
3 165993 8207730 5080640
3 167621 554702494 456793
2 168621 1035268 34
2 169294 7736376 35
3 170513 8796489 -1
2 171003 1736293 35
3 173797 2661524 9516907
3 174767 8207852 91012
2 176404 872531 34
2 176446 8796489 35
3 177901 190174 -1
3 178382 5901479 -1
2 179718 3090678 34
2 182749 1036578 35
3 183596 9719122 1544757
2 188928 9719122 35
2 190604 9421078 36
2 194656 8055927 37
3 194685 2669306 972638
2 194794 4954892 37
2 195397 9227541 38
2 196237 6422842 39
2 196651 3164880 40
2 198211 190174 41
2 198464 4200424 42
3 198495 9636922 -1
2 198678 2669306 42
2 201186 7371951 43
2 201267 9636922 44
2 202368 4825186 45
2 206739 1944467 46
2 206863 1448000 47
3 208989 7451927 -1
2 209418 2661524 47
2 211876 304195 48
2 214686 7423920 49
2 214795 5901479 50
2 215419 8207730 51
2 216160 595669 52
2 218404 1995642 53
2 218711 3292363 54
3 219656 1035268 -1
2 219662 1035268 54
2 221721 8483562 55
3 225353 1461979 19561816
3 227043 68810 11880415
3 229845 7378221 5924750
2 230169 373099888 53
2 235292 2312169 54
2 235387 4027326 55
3 236043 190174 -1
2 237923 9685643 55
3 243186 9217602 5999782
3 243416 9421078 -1
2 244291 7378221 54
2 244673 7451927 55
2 246753 4182372 56
2 247288 9775475 57
3 247742 4609475 7022093
2 248268 3222313 57
2 250515 6902773 58
2 251606 9008196 59
2 254627 3843309 60
2 255401 2370994 61
2 258133 1870883 62
2 258576 975644 63
2 262076 6813990 64
3 262824 2669306 1722958
3 263167 3090678 -1
2 264682 1819542 63
2 266200 5042551 64
2 268375 2722964 65
3 268529 595669 -1
3 272995 2630182 3786338
3 274188 4418638 109770
3 274940 9503435 4349078
3 275426 1035268 -1
2 275816 9505217 61
3 276842 8796489 7200294
2 276953 257541593 61
2 276966 3784174 62
2 277544 9217602 63
2 277609 2919069 64
2 277791 12578 65
3 281929 8115416 447414
2 282057 2862682 65
2 282772 270123 66
3 283082 9636922 719405
2 283820 9421078 66
2 287507 6393354 67
2 289387 6744347 68
2 291655 7469864 69
2 292861 2393537 70
2 293403 6049206 71
3 293498 8055927 -1
2 293637 9848302 71
2 295014 9503435 72
2 296647 2047389 73
2 299206 3909154 74
300
1 86 15802 51 5838 10
2 975 7686232 0
2 1584 832059185 0
2 2539 8804582 0
2 4395 639751 0
2 6131 2596964 0
2 6221 2987789 0
2 7002 7879506 0
2 7691 9505475 0
2 8077 3124144 0
2 8544 7088809 0
3 9379 7088809 103372
3 9530 7879506 296026
2 10233 8054176 0
2 10357 6053465 0
2 11850 7249262 1
2 11918 1862127 2
2 12083 4572588 3
2 13911 1707317 4
2 14208 6605786 5
2 14463 8183083 6
2 15186 7879506 7
3 15199 1862127 -1
3 15271 7249262 -1
2 16268 7088809 6
2 16363 1594151 7
3 16371 3124144 955720
3 16409 6053465 698848
2 17676 1862127 6
2 19790 4356476 7
2 20990 3917253 8
2 21122 6053465 9
2 22077 3124144 10
2 24448 7736940 11
2 24777 9600501 12
3 24821 4356476 -1
3 26140 8804582 2712958
2 26497 5632348 11
2 27167 9802789 12
2 27372 8603786 13
2 27737 358243099 14
2 28966 8804582 15
3 29158 7736940 -1
2 31109 418402682 15
2 31216 295243 16
2 32328 4356476 17
2 32370 4475246 18
2 33038 783504239 19
2 34051 9117484 20
2 35228 2896309 21
3 35534 2596964 3372652
2 36636 2319693 21
2 37603 2168978 22
2 38602 1798019 23
2 38935 8094576 24
2 39699 7736940 25
2 40552 8250088 26
3 41586 1707317 2888098
2 41903 7555757 26
2 41944 6021234 27
2 42691 2596964 28
2 42805 6482218 29
2 44664 487204155 30
2 44866 2702536 31
2 46532 923233 32
2 48510 9214550 33
2 49082 5541303 34
2 51004 1690708 35
2 52417 666730429 36
3 55624 8183083 1615414
3 56195 3917253 -1
2 56604 4433530 35
2 57428 2515019 36
2 58663 1707317 37
3 58832 4572588 4867180
3 59768 1862127 2783014
2 61075 8853499 36
3 62507 1707317 -1
3 66282 7879506 757228
3 66712 9802789 -1
2 69910 675356 34
2 69915 6221157 35
3 70256 9505475 7173190
3 70624 5541303 -1
2 71981 2222313 34
2 73010 9505475 35
2 73113 5973761 36
3 74083 9600501 903178
2 74662 5638386 36
3 79979 8094576 -1
3 82376 923233 -1
2 83743 4572588 35
3 84934 2222313 -1
2 85164 6883335 35
2 85719 9600501 36
3 86196 7088809 3139132
2 87581 7879506 36
2 87954 6542969 37
2 90080 2222313 38
2 91811 1803537 39
2 92665 2357318 40
3 92920 4356476 780580
2 93461 7088809 40
3 93881 8603786 120886
2 93996 535153019 40
2 94443 9802789 41
3 94827 2515019 -1
2 95293 445474209 41
3 97928 5632348 3174160
2 99318 4580343 41
2 102021 1902356 42
2 102031 6460029 43
2 102044 5632348 44
2 102209 4177685 45
3 103112 2987789 11102164
3 103138 4433530 -1
2 103794 3374122 44
2 103960 3917253 45
2 104168 9477986 46
3 107914 6605786 9368278
2 108154 4356476 46
2 109350 6959097 47
2 111403 2515019 48
2 111497 8183083 49
2 112233 610315407 50
2 112888 7249262 51
2 114144 1707317 52
3 114992 8054176 12001216
2 115188 8094576 52
2 116493 3807136 53
3 118373 7686232 13449040
3 118580 4475246 418624
2 119117 4433530 52
2 121278 1862127 53
2 121594 7686232 54
3 122049 639751 13478230
3 122293 1594151 7640230
3 122474 295243 1673794
2 122686 2807445 52
3 122821 2357318 -1
2 123618 5829549 52
2 123981 3141746 53
2 124518 5203939 54
2 124692 1793360 55
3 124945 418402682 2508628
2 125945 1132941 55
2 126569 7899602 56
3 127368 2168978 284350
2 128896 3514890 56
2 128987 648338203 57
2 129029 210472 58
3 129283 6221157 -1
2 129589 2096544 58
2 130841 3983321 59
3 130937 2896309 996586
2 131189 4276624 59
2 131232 5541303 60
2 132067 2896309 61
2 132571 6047454 62
2 133870 7443999 63
2 135448 8034844 64
3 135869 358243099 4814638
3 136446 8094576 -1
2 138401 6310445 63
2 138503 358243099 64
3 139258 832059185 15766726
2 143215 6221157 64
2 144434 639751 65
2 145265 8603786 66
2 147845 9848763 67
3 148965 7555757 1510330
2 149700 7159126 67
2 150404 923233 68
2 155352 2168978 69
2 155404 9931860 70
2 156093 4554685 71
2 157545 2357318 72
2 158704 5088085 73
2 160953 9007482 74
3 166429 6047454 -1
2 166844 5082802 74
2 167247 8352291 75
2 167616 6605786 76
2 168482 9256614 77
2 169382 1365319 78
2 170432 418444580 79
2 170972 5159885 80
2 171609 1769362 81
3 173335 6053465 11370712
2 173913 1928399 81
3 175029 7159126 -1
3 175838 4580343 -1
2 176348 564926 80
2 176452 7159126 81
2 178693 2987789 82
3 179413 8250088 5556064
2 181050 4475246 82
3 181079 6883335 -1
2 184919 8054176 82
2 184924 5359245 83
2 187603 8744786 84
2 188186 1594151 85
2 188979 7740938 86
2 190407 3318939 87
2 190490 9356584 88
2 191793 8902849 89
2 191835 6124854 90
2 191981 716567 91
3 192689 783504239 8515930
2 194961 759846 91
2 198186 2925511 92
2 198470 6031268 93
3 198830 9117484 9193138
2 200041 1799097 93
2 201399 4580343 94
3 201759 4475246 -1
3 202063 2357318 -1
2 202238 517510 93
3 203676 1690708 564574
3 204399 1862127 -1
2 208015 6043607 92
2 209472 115531892 93
3 212892 3807136 -1
3 213059 610315407 -1
2 215902 2807815 92
2 217207 884708 93
3 218827 9600501 1743850
2 219321 8094576 93
2 219363 9222866 94
2 220562 4359107 95
2 221031 9880240 96
2 222012 7817129 97
3 223396 2319693 11563366
2 223603 7453047 97
2 228074 1393684 98
2 228251 880488829 99
2 229967 9117484 100
2 232019 2784789 101
2 232106 2894650 102
2 232816 1690708 103
2 233120 7555757 104
2 233864 510680 105
3 236200 7879506 1994884
2 237273 2197712 105
2 238495 3503305 106
3 240334 6021234 11580880
3 240750 6482218 10518364
3 240770 487204155 7727800
3 242483 9214550 5707852
2 245134 646958 103
2 245932 113967 104
2 247732 6276332 105
2 247764 8982133 106
2 248965 5158810 107
2 249418 6888555 108
2 249720 5146424 109
2 250399 72095377 110
2 250975 1776454 111
2 251462 6021234 112
2 258307 3489022 113
2 258765 8498879 114
2 258834 994913212 115
2 259664 3501701 116
2 262213 8969834 117
2 263189 4259067 118
3 263803 7736940 16233766
2 265347 1323666 118
3 267303 9802789 3045724
3 267445 3917253 424462
2 268477 9933118 117
2 271364 4761855 118
2 272258 9659516 119
2 272659 8329029 120
2 273255 3018922 121
2 274087 9749947 122
2 275644 3917253 123
2 276662 8250088 124
2 280409 4121697 125
2 280434 9600501 126
3 280775 666730429 6577714
3 281211 2168978 1586224
2 283656 6314386 125
3 284075 2702536 11989540
3 286186 675356 2170024
3 286488 1798019 18224524
2 287456 3639241 123
2 287515 1922206 124
2 289342 3721695 125
2 290773 3700828 126
2 292996 8765349 127
2 294553 504970 128
2 294877 1297179 129
2 295000 9463464 130
2 295844 9241025 131
3 296022 3124144 22684756
2 296171 7736940 131
2 296566 3432410 132
2 296759 7444139 133
2 296945 2207864 134
2 297111 2702536 135
